maxlen 19
maxlen 19
[*] Number of model parameters: 244,822
[*] Model Checkpoint Dir: ./ckpt
[*] Param Path: ./ckpt/ram_176_8x8_2_params.json

Epoch: 1/12 - LR: 0.000300
22
22 32
train_loss 17.459619522094727 0 1
train_acc 0.28409090638160706 0 1
22
22 32
train_loss 16.92205238342285 0 2
train_acc 0.28409090638160706 0 2
22
22 32
train_loss 10.741752942403158 0 3
train_acc 5.445075611273448 0 3
22
22 32
train_loss -15.042638540267944 0 4
train_acc 24.360795691609383 0 4
22
22 32
train_loss -29.733202934265137 0 5
train_acc 35.738636553287506 0 5
22
22 32
train_loss -39.76053476333618 0 6
train_acc 42.99242382248243 0 6
22
22 32
train_loss -46.678007807050435 0 7
train_acc 48.356330709797994 0 7
22
22 32
train_loss -51.855698466300964 0 8
train_acc 52.34374985843897 0 8
22
22 32
train_loss -55.547453032599556 0 9
train_acc 55.42929318878386 0 9
22
22 32
train_loss -57.4232497215271 0 10
train_acc 57.40056827664375 0 10
22
22 32
train_loss -59.17417205463756 0 11
train_acc 59.28460752422159 0 11
22
22 32
train_loss -60.33498501777649 0 12
train_acc 61.05587123334408 0 12
22
22 32
train_loss -61.066676726708046 0 13
train_acc 62.58741223353606 0 13
22
22 32
train_loss -60.378725801195415 0 14
train_acc 63.666801371744704 0 14
22
22 32
train_loss -59.58204491933187 0 15
train_acc 64.9810602068901 0 15
22
22 32
train_loss -56.558726489543915 0 16
train_acc 66.03338043764234 0 16
22
22 32
train_loss -51.33682245366714 0 17
train_acc 66.92012017264085 0 17
22
22 32
train_loss -44.90551498201158 0 18
train_acc 67.69255017240842 0 18
22
22 32
train_loss -39.77145962966116 0 19
train_acc 68.27900689840317 0 19
22
22 32
train_loss -36.56288094520569 0 20
train_acc 68.79971574842929 0 20
22
22 32
train_loss -34.99459825243269 0 21
train_acc 69.2370129000573 0 21
22
22 32
train_loss -32.66294397007335 0 22
train_acc 69.64101231369105 0 22
22
22 32
train_loss -30.733607292175293 0 23
train_acc 70.17045455652735 0 23
22
22 32
train_loss -29.07068661848704 0 24
train_acc 70.4900566264987 0 24
22
22 32
train_loss -27.877967886924743 0 25
train_acc 71.07954524278641 0 25
22
22 32
train_loss -26.931881505709427 0 26
train_acc 71.51442273992758 0 26
22
22 32
train_loss -26.278335822953117 0 27
train_acc 71.92760915447164 0 27
22
22 32
train_loss -26.274911169494903 0 28
train_acc 72.3620125502348 0 28
22
22 32
train_loss -26.150573964776665 0 29
train_acc 72.53624563587123 0 29
22
22 32
train_loss -26.00109097560247 0 30
train_acc 72.76515092253685 0 30
22
22 32
train_loss -26.053810707984432 0 31
train_acc 73.01136308523917 0 31
22
22 32
train_loss -26.275277707725763 0 32
train_acc 73.37091561593115 0 32
22
22 32
train_loss -26.10926845218196 0 33
train_acc 73.5451095700264 0 33
22
22 32
train_loss -26.052740296896765 0 34
train_acc 73.70070128756412 0 34
22
22 32
train_loss -25.609992303167072 0 35
train_acc 73.93262936217444 0 35
22
22 32
train_loss -25.19565881954299 0 36
train_acc 74.17929243544738 0 36
22
22 32
train_loss -24.764771258508837 0 37
train_acc 74.38958799033551 0 37
22
22 32
train_loss -24.23153688091981 0 38
train_acc 74.64488578626984 0 38
22
22 32
train_loss -23.594166439313156 0 39
train_acc 74.81060553361208 0 39
22
22 32
train_loss -22.927393533289433 0 40
train_acc 74.9218743994832 0 40
22
22 32
train_loss -22.424099446796788 0 41
train_acc 75.117793171871 0 41
22
22 32
train_loss -21.856082724673406 0 42
train_acc 75.28747228923298 0 42
22
22 32
train_loss -21.338415887466695 0 43
train_acc 75.42943907477135 0 43
22
22 32
train_loss -20.821842246434905 0 44
train_acc 75.55849627608603 0 44
22
22 32
train_loss -20.382971998055776 0 45
train_acc 75.68181760178672 0 45
22
22 32
train_loss -19.928829778795656 0 46
train_acc 75.73801817712577 0 46
22
22 32
train_loss -19.524274635822216 0 47
train_acc 75.80693847194631 0 47
22
22 32
train_loss -19.216508500277996 0 48
train_acc 75.85523142044742 0 48
22
22 32
train_loss -18.885387179802876 0 49
train_acc 76.03780097985754 0 49
22
22 32
train_loss -18.563950946331023 0 50
train_acc 76.22443128228187 0 50
22
22 32
train_loss -18.212859242570165 0 51
train_acc 76.30347545123568 0 51
22
22 32
train_loss -17.895457728550983 0 52
train_acc 76.3548946162829 0 52
22
22 32
train_loss -17.66833391954314 0 53
train_acc 76.49013675496263 0 53
22
22 32
train_loss -17.410243539898484 0 54
train_acc 76.62563081692767 0 54
22
22 32
train_loss -17.059331978451123 0 55
train_acc 76.65805745233189 0 55
22
22 32
train_loss -16.697847159845487 0 56
train_acc 76.70454500083413 0 56
22
22 32
train_loss -16.382272525837546 0 57
train_acc 76.7842898253809 0 57
22
22 32
train_loss -16.016613020979126 0 58
train_acc 76.81475275652161 0 58
22
22 32
train_loss -15.704143889879775 0 59
train_acc 76.87066609677622 0 59
22
22 32
train_loss -15.37211017012596 0 60
train_acc 76.93181786239147 0 60
22
22 32
train_loss -15.064555971348872 0 61
train_acc 76.8978201258378 0 61
22
22 32
train_loss -14.790850083674155 0 62
train_acc 76.94968818560723 0 62
22
22 32
train_loss -14.526956552550907 0 63
train_acc 76.99314551599441 0 63
22
22 32
train_loss -14.266312198713422 0 64
train_acc 77.11292598862201 0 64
22
22 32
train_loss -14.012714391488295 0 65
train_acc 77.18968515854615 0 65
22
22 32
train_loss -13.732434798370708 0 66
train_acc 77.19739993142359 0 66
22
22 32
train_loss -13.491682250108292 0 67
train_acc 77.26848691701889 0 67
22
22 32
train_loss -13.241429961779538 0 68
train_acc 77.33748310892021 0 68
22
22 32
train_loss -13.008147624955662 0 69
train_acc 77.34477906728137 0 69
22
22 32
train_loss -12.800372806617192 0 70
train_acc 77.39853873678616 0 70
22
22 32
train_loss -12.57520406514826 0 71
train_acc 77.39876737477074 0 71
22
22 32
train_loss -12.383511058158344 0 72
train_acc 77.46409382836686 0 72
22
22 32
train_loss -12.196487123019075 0 73
train_acc 77.54319719827339 0 73
22
22 32
train_loss -11.98994058531684 0 74
train_acc 77.60096728882274 0 74
22
22 32
train_loss -11.820511600176493 0 75
train_acc 77.67992409785589 0 75
22
22 32
train_loss -11.698501215169305 0 76
train_acc 77.69886346631928 0 76
22
22 32
train_loss -11.569653045047414 0 77
train_acc 77.75051640612739 0 77
22
22 32
train_loss -11.44215894356752 0 78
train_acc 77.76988619795212 0 78
22
22 32
train_loss -11.273736967316157 0 79
train_acc 77.79236176421371 0 79
22
22 32
train_loss -11.16371068507433 0 80
train_acc 77.81605099216104 0 80
22
22 32
train_loss -11.007825215657553 0 81
train_acc 77.82161880790451 0 81
22
22 32
train_loss -10.840092938120772 0 82
train_acc 77.87382189602387 0 82
22
22 32
train_loss -10.67713099215404 0 83
train_acc 77.94530375391604 0 83
22
22 32
train_loss -10.51220261766797 0 84
train_acc 78.01508366281078 0 84
22
22 32
train_loss -10.327498713661642 0 85
train_acc 78.08656390484641 0 85
22
22 32
train_loss -10.171589709991633 0 86
train_acc 78.12334804548773 0 86
22
22 32
train_loss -10.037839197564399 0 87
train_acc 78.21316588404535 0 87
22
22 32
train_loss -9.927397083152425 0 88
train_acc 78.27188767966899 0 88
22
22 32
train_loss -9.817418669046981 0 89
train_acc 78.30854170309024 0 89
22
22 32
train_loss -9.730068944560157 0 90
train_acc 78.3412245730559 0 90
22
22 32
train_loss -9.629072635383396 0 91
train_acc 78.39972509460135 0 91
22
22 32
train_loss -9.498387560248375 0 92
train_acc 78.41989855986574 0 92
22
22 32
train_loss -9.338836070670876 0 93
train_acc 78.45796661799953 0 93
22
22 32
train_loss -9.152887948649996 0 94
train_acc 78.48918020788659 0 94
22
22 32
train_loss -8.990448289795927 0 95
train_acc 78.47787064815823 0 95
22
22 32
train_loss -8.806871762499213 0 96
train_acc 78.49638953618705 0 96
22
22 32
train_loss -8.704630387812546 0 97
train_acc 78.51745533513039 0 97
22
22 32
train_loss -8.6151847127749 0 98
train_acc 78.50620346470755 0 98
22
22 32
train_loss -8.423373778059025 0 99
train_acc 78.50665736740285 0 99
22
22 32
train_loss -8.286912209391595 0 100
train_acc 78.49715895473958 0 100
22
22 32
train_loss -8.24650132006938 0 101
train_acc 78.50191254958068 0 101
22
22 32
train_loss -8.186067914845896 0 102
train_acc 78.49960991740227 0 102
22
22 32
train_loss -8.268142604712144 0 103
train_acc 78.51941731658954 0 103
22
22 32
train_loss -8.74944930523634 0 104
train_acc 78.54430711097442 0 104
22
22 32
train_loss -9.333809277557192 0 105
train_acc 78.59172064292999 0 105
22
22 32
train_loss -9.995806079428151 0 106
train_acc 78.60339822240596 0 106
22
22 32
train_loss -10.45298925459942 0 107
train_acc 78.63875300694849 0 107
22
22 32
train_loss -10.620285932112623 0 108
train_acc 78.64320266522743 0 108
22
22 32
train_loss -10.555234031392894 0 109
train_acc 78.62411364995012 0 109
22
22 32
train_loss -10.30705349391157 0 110
train_acc 78.64023741646247 0 110
22
22 32
train_loss -10.004271719369802 0 111
train_acc 78.67142691751859 0 111
22
22 32
train_loss -9.701662248266596 0 112
train_acc 78.67415767748442 0 112
22
22 32
train_loss -9.400707697973843 0 113
train_acc 78.66301267178713 0 113
22
22 32
train_loss -9.088830761219326 0 114
train_acc 78.68445954249616 0 114
22
22 32
train_loss -8.754979952003644 0 115
train_acc 78.69565203138019 0 115
22
22 32
train_loss -8.392324823243865 0 116
train_acc 78.71399865325155 0 116
22
22 32
train_loss -8.071076300918547 0 117
train_acc 78.74053015107782 0 117
22
22 32
train_loss -7.798389448452804 0 118
train_acc 78.75698172692525 0 118
22
22 32
train_loss -7.5536660722323825 0 119
train_acc 78.8065793238768 0 119
22
22 32
train_loss -7.400447652240595 0 120
train_acc 78.83522713035345 0 120
22
22 32
train_loss -7.245883742147241 0 121
train_acc 78.87044505294689 0 121
22
22 32
train_loss -7.278369572807531 0 122
train_acc 78.90159268310812 0 122
22
22 32
train_loss -7.267539936837142 0 123
train_acc 78.93569839921425 0 123
22
22 32
train_loss -7.343465364267749 0 124
train_acc 78.929160508898 0 124
22
22 32
train_loss -7.368636022090912 0 125
train_acc 78.94886357736587 0 125
22
22 32
train_loss -7.357227315505345 0 126
train_acc 78.9581078333514 0 126
22
22 32
train_loss -7.235576619782786 0 127
train_acc 78.95825873256668 0 127
22
22 32
train_loss -7.078224455472082 0 128
train_acc 78.95285861799493 0 128
22
22 32
train_loss -6.927406146082768 0 129
train_acc 78.95525010288223 0 129
22
22 32
train_loss -6.8349182289380295 0 130
train_acc 78.95323420900564 0 130
22
22 32
train_loss -6.7608971227216355 0 131
train_acc 78.99028445245655 0 131
22
22 32
train_loss -6.643344889536048 0 132
train_acc 79.03322999269673 0 132
22
22 32
train_loss -6.552137112707124 0 133
train_acc 79.07232567645553 0 133
22
22 32
train_loss -6.523972859578346 0 134
train_acc 79.06525608185513 0 134
22
22 32
train_loss -6.5712623662418785 0 135
train_acc 79.06144781333428 0 135
22
22 32
train_loss -6.673644871834447 0 136
train_acc 79.09634022721472 0 136
22
22 32
train_loss -6.734123097283997 0 137
train_acc 79.10169208006268 0 137
22
22 32
train_loss -6.774382224549418 0 138
train_acc 79.10079048552375 0 138
22
22 32
train_loss -6.765102468377394 0 139
train_acc 79.1019456630988 0 139
22
22 32
train_loss -6.695160998191152 0 140
train_acc 79.11018665049757 0 140
22
22 32
train_loss -6.593895428146876 0 141
train_acc 79.0981624333571 0 141
22
22 32
train_loss -6.517351455671687 0 142
train_acc 79.12732072489362 0 142
22
22 32
train_loss -6.461476194691825 0 143
train_acc 79.14514463473033 0 143
22
22 32
train_loss -6.371787152770493 0 144
train_acc 79.15482954722312 0 144
22
22 32
train_loss -6.279330739070629 0 145
train_acc 79.17907524643273 0 145
22
22 32
train_loss -6.21386745082189 0 146
train_acc 79.18839508744135 0 146
22
22 32
train_loss -6.167027935284335 0 147
train_acc 79.18502630384602 0 147
22
22 32
train_loss -6.170824564389281 0 148
train_acc 79.1884213963876 0 148
22
22 32
train_loss -6.196669813370544 0 149
train_acc 79.16984444696631 0 149
22
22 32
train_loss -6.268693883816401 0 150
train_acc 79.15056817889213 0 150
22
22 32
train_loss -6.612190358291398 0 151
train_acc 79.14753914392547 0 151
22
22 32
train_loss -6.683930545653167 0 152
train_acc 79.15856757171844 0 152
22
22 32
train_loss -6.868509427784315 0 153
train_acc 79.17409389977361 0 153
22
22 32
train_loss -7.071593121661769 0 154
train_acc 79.17835006969315 0 154
22
22 32
train_loss -7.223825563538459 0 155
train_acc 79.18530061052691 0 155
22
22 32
train_loss -7.261912594620998 0 156
train_acc 79.20764134977108 0 156
22
22 32
train_loss -7.150750856870299 0 157
train_acc 79.22155474287689 0 157
22
22 32
train_loss -6.980848213917093 0 158
train_acc 79.2254027765763 0 158
22
22 32
train_loss -6.7870038931474745 0 159
train_acc 79.24528301174536 0 159
22
22 32
train_loss -6.631683693453669 0 160
train_acc 79.23650564439595 0 160
22
22 32
train_loss -6.497439110130998 0 161
train_acc 79.23842459028552 0 161
22
22 32
train_loss -6.375612345374661 0 162
train_acc 79.26399409219071 0 162
22
22 32
train_loss -6.3028734692035275 0 163
train_acc 79.26833520674266 0 163
22
22 32
train_loss -6.246560609558734 0 164
train_acc 79.27608787032162 0 164
22
22 32
train_loss -6.199746752868999 0 165
train_acc 79.28288568908518 0 165
22
22 32
train_loss -6.156278490661139 0 166
train_acc 79.29216866787658 0 166
22
22 32
train_loss -6.111691877156675 0 167
train_acc 79.29538648464009 0 167
22
22 32
train_loss -6.078057622270925 0 168
train_acc 79.30025704027642 0 168
22
22 32
train_loss -6.046194763931297 0 169
train_acc 79.31935850297205 0 169
22
22 32
train_loss -6.02560956232688 0 170
train_acc 79.34241309902248 0 170
22
22 32
train_loss -5.99626839823193 0 171
train_acc 79.35938329201693 0 171
22
22 32
train_loss -5.952729128474413 0 172
train_acc 79.35220664497032 0 172
22
22 32
train_loss -5.929884088177213 0 173
train_acc 79.36399761272993 0 173
22
22 32
train_loss -5.928531996477609 0 174
train_acc 79.38789836188843 0 174
22
22 32
train_loss -5.948181500094278 0 175
train_acc 79.42207789182663 0 175
22
22 32
train_loss -6.026192154735327 0 176
train_acc 79.45425488088618 0 176
22
22 32
train_loss -6.040076502635654 0 177
train_acc 79.45477014106545 0 177
22
22 32
train_loss -5.994726954216368 0 178
train_acc 79.45049156667142 0 178
22
22 32
train_loss -5.928989619849115 0 179
train_acc 79.43991237412618 0 179
22
22 32
train_loss -5.876419229308764 0 180
train_acc 79.44839010669125 0 180
22
22 32
train_loss -5.8449774588669205 0 181
train_acc 79.44343292285066 0 181
22
22 32
train_loss -5.776189674060423 0 182
train_acc 79.44555441265578 0 182
22
22 32
train_loss -5.6999384988852535 0 183
train_acc 79.44377168964166 0 183
22
22 32
train_loss -5.635388162796912 0 184
train_acc 79.45358814785014 0 184
22
22 32
train_loss -5.576572313502028 0 185
train_acc 79.4533168834609 0 185
22
22 32
train_loss -5.5557960275039875 0 186
train_acc 79.45152118032978 0 186
22
22 32
train_loss -5.547428108472875 0 187
train_acc 79.4672155064695 0 187
22
22 32
train_loss -5.471250886929796 0 188
train_acc 79.46385387061758 0 188
22
22 32
train_loss -5.458891313858133 0 189
train_acc 79.48908721486097 0 189
22
22 32
train_loss -5.454802473281559 0 190
train_acc 79.48639345074955 0 190
22
22 32
train_loss -5.50607326798414 0 191
train_acc 79.49860177770336 0 191
22
22 32
train_loss -5.506269477618237 0 192
train_acc 79.52030058111995 0 192
22
22 32
train_loss -5.481329021676217 0 193
train_acc 79.52484683700176 0 193
22
22 32
train_loss -5.501838903451703 0 194
train_acc 79.53081059609492 0 194
22
22 32
train_loss -5.680373639938159 0 195
train_acc 79.5206875474025 0 195
22
22 32
train_loss -5.641836040482229 0 196
train_acc 79.54255555022736 0 196
22
22 32
train_loss -5.563362456215215 0 197
train_acc 79.54689652695873 0 197
22
22 32
train_loss -5.486270018900283 0 198
train_acc 79.55621545393058 0 198
22
22 32
train_loss -5.462500370926594 0 199
train_acc 79.57043728666689 0 199
22
22 32
train_loss -5.485833420753479 0 200
train_acc 79.58309646040202 0 200
22
22 32
train_loss -5.542496842531422 0 201
train_acc 79.59138951283782 0 201
22
22 32
train_loss -5.702723054602595 0 202
train_acc 79.61155477284206 0 202
22
22 32
train_loss -6.002517244498718 0 203
train_acc 79.60283235640361 0 203
22
22 32
train_loss -6.245818731831569 0 204
train_acc 79.59628437459469 0 204
22
22 32
train_loss -6.4300816373127265 0 205
train_acc 79.60573711308038 0 205
22
22 32
train_loss -6.541403645450629 0 206
train_acc 79.60682355460611 0 206
22
22 32
train_loss -6.555045782080019 0 207
train_acc 79.60172363323866 0 207
22
22 32
train_loss -6.534824252128601 0 208
train_acc 79.61442840471864 0 208
22
22 32
train_loss -6.483341520482844 0 209
train_acc 79.63108949256285 0 209
22
22 32
train_loss -6.388697499320621 0 210
train_acc 79.63744575324513 0 210
22
22 32
train_loss -6.31508891164409 0 211
train_acc 79.65653260765482 0 211
22
22 32
train_loss -6.3223942720665125 0 212
train_acc 79.62987766091554 0 212
22
22 32
train_loss -6.288214205856055 0 213
train_acc 79.64481954983142 0 213
22
22 32
train_loss -6.234644169283804 0 214
train_acc 79.64634654148716 0 214
22
22 32
train_loss -6.198432786242907 0 215
train_acc 79.64521657727485 0 215
22
22 32
train_loss -6.211862459502838 0 216
train_acc 79.65790705686366 0 216
22
22 32
train_loss -6.225521168126488 0 217
train_acc 79.66000720789906 0 217
22
22 32
train_loss -6.252288286018809 0 218
train_acc 79.6516626988529 0 218
22
22 32
train_loss -6.2627795028359925 0 219
train_acc 79.65571799261929 0 219
22
22 32
train_loss -6.342721771381118 0 220
train_acc 79.67523227523674 0 220
22
22 32
train_loss -6.391322240840256 0 221
train_acc 79.69007079013332 0 221
22
22 32
train_loss -6.345229667854738 0 222
train_acc 79.70157639964206 0 222
22
22 32
train_loss -6.188275635777033 0 223
train_acc 79.72125948410932 0 223
22
22 32
train_loss -5.9971892187105755 0 224
train_acc 79.72301118208894 0 224
22
22 32
train_loss -5.813481584390004 0 225
train_acc 79.73042910602358 0 225
22
22 32
train_loss -5.650996152542334 0 226
train_acc 79.74720918947617 0 226
22
22 32
train_loss -5.5355695598976205 0 227
train_acc 79.75758391566214 0 227
22
22 32
train_loss -5.436176269985082 0 228
train_acc 79.76599863459144 0 228
22
22 32
train_loss -5.346331695542065 0 229
train_acc 79.76875727796138 0 229
22
22 32
train_loss -5.291999061470446 0 230
train_acc 79.77272709893144 0 230
22
22 32
train_loss -5.260572352192619 0 231
train_acc 79.7705133892757 0 231
22
22 32
train_loss -5.336953090439582 0 232
train_acc 79.76770650441277 0 232
22
22 32
train_loss -5.436410921581825 0 233
train_acc 79.75334062213038 0 233
22
22 32
train_loss -5.5444916061356535 0 234
train_acc 79.76459284241383 0 234
22
22 32
train_loss -5.557526821024874 0 235
train_acc 79.76184698394005 0 235
22
22 32
train_loss -5.550718626986115 0 236
train_acc 79.78500556465933 0 236
22
22 32
train_loss -5.492516964548248 0 237
train_acc 79.78159740630082 0 237
22
22 32
train_loss -5.42809775722127 0 238
train_acc 79.78478301397892 0 238
22
22 32
train_loss -5.346571208293468 0 239
train_acc 79.78437597207943 0 239
22
22 32
train_loss -5.269972427934408 0 240
train_acc 79.7916664712131 0 240
22
22 32
train_loss -5.215675381951312 0 241
train_acc 79.80302222957255 0 241
22
22 32
train_loss -5.136895629246373 0 242
train_acc 79.81897987339123 0 242
22
22 32
train_loss -5.085333190582417 0 243
train_acc 79.82194609627311 0 243
22
22 32
train_loss -5.028565162762266 0 244
train_acc 79.8196486129624 0 244
22
22 32
train_loss -4.976335373946599 0 245
train_acc 79.82258789223067 0 245
22
22 32
train_loss -4.918804700054774 0 246
train_acc 79.8145322676112 0 246
22
22 32
train_loss -4.8906005666806145 0 247
train_acc 79.82897012846672 0 247
22
22 32
train_loss -4.8527544518151595 0 248
train_acc 79.83355454019001 0 248
22
22 32
train_loss -4.84671844847231 0 249
train_acc 79.85293422382041 0 249
22
22 32
train_loss -4.899334748506546 0 250
train_acc 79.85056792759896 0 250
22
22 32
train_loss -4.969914578109148 0 251
train_acc 79.87085723425763 0 251
22
22 32
train_loss -5.008114566169088 0 252
train_acc 79.87689368994464 0 252
22
22 32
train_loss -4.854246457339276 0 253
train_acc 79.88681252978064 0 253
22
22 32
train_loss -4.625253896309635 0 254
train_acc 79.87987625997836 0 254
22
22 32
train_loss -4.43421708018172 0 255
train_acc 79.89081970967499 0 255
22
22 32
train_loss -4.304765896173194 0 256
train_acc 79.89890333567746 0 256
22
22 32
train_loss -4.335301860529161 0 257
train_acc 79.89697532361583 0 257
22
22 32
train_loss -4.50937843807908 0 258
train_acc 79.90772524845693 0 258
22
22 32
train_loss -4.628450553159456 0 259
train_acc 79.90687495792234 0 259
22
22 32
train_loss -4.507136195668807 0 260
train_acc 79.92187473154985 0 260
22
22 32
train_loss -4.243083834419762 0 261
train_acc 79.92914028391527 0 261
22
22 32
train_loss -4.004711731017091 0 262
train_acc 79.93526606819101 0 262
22
22 32
train_loss -3.914660643488735 0 263
train_acc 79.93810466147194 0 263
22
22 32
train_loss -3.912946816872467 0 264
train_acc 79.93016072046576 0 264
22
22 32
train_loss -3.8894661095907104 0 265
train_acc 79.93621330553631 0 265
22
22 32
train_loss -3.8152496834894767 0 266
train_acc 79.94222038244843 0 266
22
22 32
train_loss -3.7149545014574286 0 267
train_acc 79.95031046353922 0 267
22
22 32
train_loss -4.082557788758136 0 268
train_acc 79.94084949924874 0 268
22
22 32
train_loss -3.8388947521000545 0 269
train_acc 79.95416503258355 0 269
22
22 32
train_loss -3.611511580370091 0 270
train_acc 79.94370769505147 0 270
22
22 32
train_loss -3.4691184317053905 0 271
train_acc 79.94905210970953 0 271
22
22 32
train_loss -3.3200876820175087 0 272
train_acc 79.95696835943005 0 272
22
22 32
train_loss -3.0796232644891566 0 273
train_acc 79.96638753846452 0 273
22
22 32
train_loss -2.80112228624142 0 274
train_acc 79.9643328548783 0 274
22
22 32
train_loss -2.497420956221494 0 275
train_acc 79.95764437176965 0 275
22
22 32
train_loss -2.207944148044655 0 276
train_acc 79.96078283480112 0 276
22
22 32
train_loss -1.9391921524106381 0 277
train_acc 79.97774425331866 0 277
22
22 32
train_loss -1.7017002485210089 0 278
train_acc 79.97874403621653 0 278
22
22 32
train_loss -1.441691843198619 0 279
train_acc 79.9797366522119 0 279
22
22 32
train_loss -1.2124476945825986 0 280
train_acc 79.99289749286004 0 280
22
22 32
train_loss -0.97557068910463 0 281
train_acc 79.99888767911871 0 281
22
22 32
train_loss -0.7094293522073868 0 282
train_acc 80.00080570874485 0 282
22
22 32
train_loss -0.4493535822356126 0 283
train_acc 79.99969862143479 0 283
22
22 32
train_loss -0.18940730518858198 0 284
train_acc 80.00860251444327 0 284
22
22 32
train_loss 0.038606171649799015 0 285
train_acc 80.01196146785168 0 285
22
22 32
train_loss 0.2683120305304761 0 286
train_acc 80.0088403302056 0 286
22
22 32
train_loss 0.4783332005195086 0 287
train_acc 80.00722575042306 0 287
22
22 32
train_loss 0.6491769318365388 0 288
train_acc 80.0140070081171 0 288
22
22 32
train_loss 0.8490745284978081 0 289
train_acc 80.02123283865542 0 289
22
22 32
train_loss 1.059726389317677 0 290
train_acc 80.03575602173805 0 290
22
22 32
train_loss 1.2955319805653234 0 291
train_acc 80.04578622120762 0 291
22
22 32
train_loss 1.531921115435966 0 292
train_acc 80.05915291280779 0 292
22
22 32
train_loss 1.7621469756035268 0 293
train_acc 80.06709559968714 0 293
22
22 32
train_loss 1.9779527525918013 0 294
train_acc 80.06918648574629 0 294
22
22 32
train_loss 2.135307353835995 0 295
train_acc 80.06115148128089 0 295
22
22 32
train_loss 2.1184772992053547 0 296
train_acc 80.06708740161078 0 296
22
22 32
train_loss 2.034940790046345 0 297
train_acc 80.06341798959758 0 297
22
22 32
train_loss 1.9282021104489397 0 298
train_acc 80.06120317834336 0 298
22
22 32
train_loss 1.824569644537259 0 299
train_acc 80.07325524809369 0 299
22
22 32
train_loss 1.7264961495002111 0 300
train_acc 80.06202621082465 0 300
22
22 32
train_loss 1.6789107399921481 0 301
train_acc 80.06266959184823 0 301
22
22 32
train_loss 1.609227009759044 0 302
train_acc 80.06895289772393 0 302
22
22 32
train_loss 1.5125979871639716 0 303
train_acc 80.07613231423665 0 303
22
22 32
train_loss 1.4261231608688831 0 304
train_acc 80.08279724752433 0 304
22
22 32
train_loss 1.3605451112887899 0 305
train_acc 80.09128137436069 0 305
22
22 32
train_loss 1.2914747597734912 0 306
train_acc 80.08160621921222 0 306
22
22 32
train_loss 1.2271027019435496 0 307
train_acc 80.07477022479334 0 307
22
22 32
train_loss 1.1512925406168033 0 308
train_acc 80.1002616845555 0 308
22
22 32
train_loss 1.0596261007114522 0 309
train_acc 80.11133762721491 0 309
22
22 32
train_loss 0.9984797383508375 0 310
train_acc 80.12463317013555 0 310
22
22 32
train_loss 0.920974160888954 0 311
train_acc 80.13144887087813 0 311
22
22 32
train_loss 0.8148871016425964 0 312
train_acc 80.14004198347146 0 312
22
22 32
train_loss 0.6835115144427973 0 313
train_acc 80.13904997734977 0 313
22
22 32
train_loss 0.4810071262964018 0 314
train_acc 80.13399293866887 0 314
22
22 32
train_loss 0.07707368740959773 0 315
train_acc 80.13979051018518 0 315
22
22 32
train_loss -0.3072692353891421 0 316
train_acc 80.13880871764466 0 316
22
22 32
train_loss -0.7253971583083602 0 317
train_acc 80.14993163031359 0 317
22
22 32
train_loss -1.0748513721445072 0 318
train_acc 80.15964454918537 0 318
22
22 32
train_loss -1.320711937257115 0 319
train_acc 80.1661795697242 0 319
22
22 32
train_loss -1.5892502607777714 0 320
train_acc 80.16912262085825 0 320
22
22 32
train_loss -2.009946336070325 0 321
train_acc 80.17912748465285 0 321
22
22 32
train_loss -2.327003887906578 0 322
train_acc 80.16701343729629 0 322
22
22 32
train_loss -2.7319618734781956 0 323
train_acc 80.18663780405056 0 323
22
22 32
train_loss -3.0678004101838594 0 324
train_acc 80.18422041649436 0 324
22
22 32
train_loss -3.3504486144506016 0 325
train_acc 80.18356618679486 0 325
22
22 32
train_loss -3.5744624754036862 0 326
train_acc 80.19685906372919 0 326
22
22 32
train_loss -3.7571397310732335 0 327
train_acc 80.19269505425696 0 327
22
22 32
train_loss -3.9689223070333646 0 328
train_acc 80.19158788661404 0 328
22
22 32
train_loss -4.3548105757649545 0 329
train_acc 80.19566845767041 0 329
22
22 32
train_loss -4.713264274777788 0 330
train_acc 80.2031678136551 0 330
22
22 32
train_loss -5.051831381018428 0 331
train_acc 80.18916484110305 0 331
22
22 32
train_loss -5.358593395136925 0 332
train_acc 80.17781330824616 0 332
22
22 32
train_loss -5.655121210638109 0 333
train_acc 80.18785809700911 0 333
22
22 32
train_loss -5.946853106785677 0 334
train_acc 80.1914634442258 0 334
22
22 32
train_loss -6.250439174317602 0 335
train_acc 80.19123113493421 0 335
22
22 32
train_loss -6.612565625458956 0 336
train_acc 80.18296786379956 0 336
22
22 32
train_loss -6.969434896810118 0 337
train_acc 80.17854713986819 0 337
22
22 32
train_loss -7.308683762359902 0 338
train_acc 80.1783551064116 0 338
22
22 32
train_loss -7.643719242913181 0 339
train_acc 80.18947754022294 0 339
22
22 32
train_loss -7.974156004015137 0 340
train_acc 80.19050781814491 0 340
22
22 32
train_loss -8.307633112078188 0 341
train_acc 80.19319828182371 0 341
22
22 32
train_loss -8.661075296632031 0 342
train_acc 80.19919570234784 0 342
22
22 32
train_loss -9.021195965153831 0 343
train_acc 80.2039157845536 0 343
22
22 32
train_loss -9.347898100870987 0 344
train_acc 80.20158871609804 0 344
22
22 32
train_loss -9.676198937409167 0 345
train_acc 80.19556961837023 0 345
22
22 32
train_loss -10.009024730479787 0 346
train_acc 80.18917478112816 0 346
22
22 32
train_loss -10.352821718547117 0 347
train_acc 80.19796286484694 0 347
22
22 32
train_loss -10.666199843260063 0 348
train_acc 80.2022104998087 0 348
22
22 32
train_loss -10.985706990803552 0 349
train_acc 80.19747963829505 0 349
22
22 32
train_loss -11.320846181767328 0 350
train_acc 80.1935874906608 0 350
22
22 32
train_loss -11.63269385873762 0 351
train_acc 80.19902533836175 0 351
22
22 32
train_loss -11.903165356848728 0 352
train_acc 80.20604644800451 0 352
22
22 32
train_loss -12.212450557153556 0 353
train_acc 80.20497986902258 0 353
22
22 32
train_loss -12.506140084084818 0 354
train_acc 80.20793190329088 0 354
22
22 32
train_loss -12.783651749684777 0 355
train_acc 80.21006703662201 0 355
22
22 32
train_loss -13.089934504601393 0 356
train_acc 80.21538221919805 0 356
22
22 32
train_loss -13.42035281307557 0 357
train_acc 80.22066762484089 0 357
22
22 32
train_loss -13.732955288121154 0 358
train_acc 80.21481380465977 0 358
22
22 32
train_loss -13.975731485899445 0 359
train_acc 80.22125834625079 0 359
22
22 32
train_loss -14.09733223931657 0 360
train_acc 80.2327965175112 0 360
22
22 32
train_loss -14.240041405375313 0 361
train_acc 80.23718817230737 0 361
22
22 32
train_loss -14.370949408132068 0 362
train_acc 80.24155556381737 0 362
22
22 32
train_loss -14.604420817095386 0 363
train_acc 80.24707281047648 0 363
22
22 32
train_loss -14.91559532202862 0 364
train_acc 80.24865739113027 0 364
22
22 32
train_loss -15.190403961972015 0 365
train_acc 80.25879493298596 0 365
22
22 32
train_loss -15.44013962996462 0 366
train_acc 80.25995072852719 0 366
22
22 32
train_loss -15.642201005438043 0 367
train_acc 80.26535771864312 0 367
22
22 32
train_loss -15.797661226890657 0 368
train_acc 80.28347309468234 0 368
22
22 32
train_loss -15.878380530087282 0 369
train_acc 80.27839348132048 0 369
22
22 32
train_loss -15.967644516358504 0 370
train_acc 80.284090688583 0 370
22
22 32
train_loss -16.054754997681414 0 371
train_acc 80.29128867612695 0 371
22
22 32
train_loss -16.166299127923544 0 372
train_acc 80.28890188999715 0 372
22
22 32
train_loss -16.335830243758796 0 373
train_acc 80.2918593757274 0 373
22
22 32
train_loss -16.60602357951715 0 374
train_acc 80.29556066036862 0 374
22
22 32
train_loss -16.876373031775156 0 375
train_acc 80.30378765567144 0 375
22
22 32
train_loss -17.12406869153393 0 376
train_acc 80.30932641235438 0 376
22
22 32
train_loss -17.37151308859691 0 377
train_acc 80.31483578571275 0 377
22
22 32
train_loss -17.62554542617823 0 378
train_acc 80.30941834730446 0 378
22
22 32
train_loss -17.92176680467374 0 379
train_acc 80.31227487954742 0 379
22
22 32
train_loss -18.220641071074887 0 380
train_acc 80.31511637741013 0 380
22
22 32
train_loss -18.52475290489322 0 381
train_acc 80.31868861744724 0 381
22
22 32
train_loss -18.784409852708198 0 382
train_acc 80.31554889881798 0 382
22
22 32
train_loss -19.064243530946985 0 383
train_acc 80.3183595911641 0 383
22
22 32
train_loss -19.35352469002828 0 384
train_acc 80.32115564448759 0 384
22
22 32
train_loss -19.61506415543618 0 385
train_acc 80.31434448740698 0 385
22
22 32
train_loss -19.921715934196286 0 386
train_acc 80.31824044443165 0 386
22
22 32
train_loss -20.200153543197523 0 387
train_acc 80.31550948764618 0 387
22
22 32
train_loss -20.468468445017166 0 388
train_acc 80.32414160761022 0 388
22
22 32
train_loss -20.74315818370461 0 389
train_acc 80.32798233329484 0 389
22
22 32
train_loss -21.017667276584184 0 390
train_acc 80.32852538380867 0 390
22
22 32
train_loss -21.293893160570004 0 391
train_acc 80.3214366132646 0 391
22
22 32
train_loss -21.5843925720879 0 392
train_acc 80.32344304009968 0 392
22
22 32
train_loss -21.869572865295652 0 393
train_acc 80.33664384704207 0 393
22
22 32
train_loss -22.141585747148785 0 394
train_acc 80.34004358304334 0 394
22
22 32
train_loss -22.398088542268248 0 395
train_acc 80.34917982756338 0 395
22
22 32
train_loss -22.664296550130604 0 396
train_acc 80.34822633245376 0 396
22
22 32
train_loss -22.90768631054112 0 397
train_acc 80.34656203438713 0 397
22
22 32
train_loss -23.135165368042998 0 398
train_acc 80.353114753063 0 398
22
22 32
train_loss -23.364648350647517 0 399
train_acc 80.3614146459969 0 399
22
22 32
train_loss -23.5911665584147 0 400
train_acc 80.36399121955037 0 400
22
22 32
train_loss -23.83514543676614 0 401
train_acc 80.36761763520965 0 401
22
22 32
train_loss -24.09493705897189 0 402
train_acc 80.3616856409246 0 402
22
22 32
train_loss -24.357804466565845 0 403
train_acc 80.3603651903699 0 403
22
22 32
train_loss -24.57720326447841 0 404
train_acc 80.35659009823115 0 404
22
22 32
train_loss -24.813186612688465 0 405
train_acc 80.34862489773903 0 405
22
22 32
train_loss -25.090287424807478 0 406
train_acc 80.35784233453238 0 406
22
22 32
train_loss -25.348244149356862 0 407
train_acc 80.35898734149535 0 407
22
22 32
train_loss -25.61553727426365 0 408
train_acc 80.36639346050866 0 408
22
22 32
train_loss -25.884338756790953 0 409
train_acc 80.36924847836599 0 409
22
22 32
train_loss -26.16202813604983 0 410
train_acc 80.3776327896409 0 410
22
22 32
train_loss -26.41084709553243 0 411
train_acc 80.38113778017443 0 411
22
22 32
train_loss -26.6768856651864 0 412
train_acc 80.3873839119395 0 412
22
22 32
train_loss -26.93515742965241 0 413
train_acc 80.38912863838182 0 413
22
22 32
train_loss -27.178665645024626 0 414
train_acc 80.39738392210813 0 414
22
22 32
train_loss -27.411462112938064 0 415
train_acc 80.39806930085263 0 415
22
22 32
train_loss -27.64672239482976 0 416
train_acc 80.40182448995228 0 416
22
22 32
train_loss -27.88867155039053 0 417
train_acc 80.40317719917503 0 417
22
22 32
train_loss -28.144203482775026 0 418
train_acc 80.41369864087926 0 418
22
22 32
train_loss -28.387568585485717 0 419
train_acc 80.41535557952302 0 419
22
22 32
train_loss -28.639771711400577 0 420
train_acc 80.42512150449413 0 420
22
22 32
train_loss -28.840027947465483 0 421
train_acc 80.42134503528229 0 421
22
22 32
train_loss -29.069666193701078 0 422
train_acc 80.42566487193108 0 422
22
22 32
train_loss -29.3252039205098 0 423
train_acc 80.43030008539804 0 423
22
22 32
train_loss -29.57108823772309 0 424
train_acc 80.43692352819555 0 424
22
22 32
train_loss -29.801589880690855 0 425
train_acc 80.44251311989392 0 425
22
22 32
train_loss -30.03281723627462 0 426
train_acc 80.44507552046731 0 426
22
22 32
train_loss -30.2754378889707 0 427
train_acc 80.44696058950603 0 427
22
22 32
train_loss -30.527565737890306 0 428
train_acc 80.4518237755956 0 428
22
22 32
train_loss -30.747911079919145 0 429
train_acc 80.4440821908015 0 429
22
22 32
train_loss -30.97594125894613 0 430
train_acc 80.44100133943003 0 430
22
22 32
train_loss -31.210362981062755 0 431
train_acc 80.43793478435263 0 431
22
22 32
train_loss -31.44603542500624 0 432
train_acc 80.43718410159151 0 432
22
22 32
train_loss -31.677818250022913 0 433
train_acc 80.44266981960169 0 433
22
22 32
train_loss -31.884409579401193 0 434
train_acc 80.44223897646648 0 434
22
22 32
train_loss -32.087508581013516 0 435
train_acc 80.44736131429673 0 435
22
22 32
train_loss -32.31383667093351 0 436
train_acc 80.4553922749714 0 436
22
22 32
train_loss -32.553369504772554 0 437
train_acc 80.46143621888258 0 437
22
22 32
train_loss -32.79442943516931 0 438
train_acc 80.47134421799825 0 438
22
22 32
train_loss -33.002798654088124 0 439
train_acc 80.47311792137411 0 439
22
22 32
train_loss -33.2015145953406 0 440
train_acc 80.47262375314128 0 440
22
22 32
train_loss -33.40217064851536 0 441
train_acc 80.47277601681598 0 441
22
22 32
train_loss -33.612059705532516 0 442
train_acc 80.4764626593881 0 442
22
22 32
train_loss -33.821535963102605 0 443
train_acc 80.47852943457545 0 443
22
22 32
train_loss -34.03351971493648 0 444
train_acc 80.48154667436003 0 444
22
22 32
train_loss -34.24728462575527 0 445
train_acc 80.48391195321351 0 445
22
22 32
train_loss -34.46326255384047 0 446
train_acc 80.48244476064438 0 446
22
22 32
train_loss -34.6965084930661 0 447
train_acc 80.48861074514303 0 447
22
22 32
train_loss -34.91752396750131 0 448
train_acc 80.48587134653437 0 448
22
22 32
train_loss -35.1457352713912 0 449
train_acc 80.49010406105981 0 449
22
22 32
train_loss -35.3816399512026 0 450
train_acc 80.49936848706669 0 450
22
22 32
train_loss -35.61235682887671 0 451
train_acc 80.50670207379399 0 451
22
22 32
train_loss -35.85061875499983 0 452
train_acc 80.5171458126433 0 452
22
22 32
train_loss -36.08194148685232 0 453
train_acc 80.52252638274207 0 453
22
22 32
train_loss -36.29151523704046 0 454
train_acc 80.51661972603084 0 454
22
22 32
train_loss -36.50725963312191 0 455
train_acc 80.521041230448 0 455
22
22 32
train_loss -36.71178844950178 0 456
train_acc 80.5164097710921 0 456
22
22 32
train_loss -36.922813570082056 0 457
train_acc 80.5177041828241 0 457
22
22 32
train_loss -37.138530552257095 0 458
train_acc 80.52302479392577 0 458
22
22 32
train_loss -37.36432965609503 0 459
train_acc 80.52801275733769 0 459
22
22 32
train_loss -37.57900404321111 0 460
train_acc 80.53019989430905 0 460
22
22 32
train_loss -37.78748379883694 0 461
train_acc 80.53299378585919 0 461
22
22 32
train_loss -37.983464530149064 0 462
train_acc 80.53085625803831 0 462
22
22 32
train_loss -38.21075383852162 0 463
train_acc 80.53670460268951 0 463
22
22 32
train_loss -38.415644649930044 0 464
train_acc 80.53364988609121 0 464
22
22 32
train_loss -38.63283071633308 0 465
train_acc 80.5406889532202 0 465
22
22 32
train_loss -38.855148548859894 0 466
train_acc 80.54708817857018 0 466
22
22 32
train_loss -39.05523646120341 0 467
train_acc 80.54646418653668 0 467
22
22 32
train_loss -39.27735992591096 0 468
train_acc 80.55555537381234 0 468
22
22 32
train_loss -39.49959771223922 0 469
train_acc 80.56127623619555 0 469
22
22 32
train_loss -39.701391118764874 0 470
train_acc 80.56606607399088 0 470
22
22 32
train_loss -39.89267710072726 0 471
train_acc 80.56691498728568 0 471
22
22 32
train_loss -40.1000648475552 0 472
train_acc 80.56986692156327 0 472
22
22 32
train_loss -40.31921258096211 0 473
train_acc 80.57881253025245 0 473
22
22 32
train_loss -40.49497097768361 0 474
train_acc 80.57423506872061 0 474
22
22 32
train_loss -40.676902212971136 0 475
train_acc 80.57206921790775 0 475
22
22 32
train_loss -40.841310617427865 0 476
train_acc 80.56185526569851 0 476
22
22 32
train_loss -41.03137181852349 0 477
train_acc 80.56300013082833 0 477
22
22 32
train_loss -41.23216244777875 0 478
train_acc 80.56592320161384 0 478
22
22 32
train_loss -41.438352234552696 0 479
train_acc 80.56972369632541 0 479
22
22 32
train_loss -41.62598209790885 0 480
train_acc 80.57054907244941 0 480
22
22 32
train_loss -41.81382653532306 0 481
train_acc 80.57432414749309 0 481
22
22 32
train_loss -42.021184680001866 0 482
train_acc 80.58132525956977 0 482
22
22 32
train_loss -42.22790786802892 0 483
train_acc 80.58565058187422 0 483
22
22 32
train_loss -42.4262988864144 0 484
train_acc 80.587316684117 0 484
22
22 32
train_loss -42.6159603198779 0 485
train_acc 80.58751152827567 0 485
22
22 32
train_loss -42.813009886216726 0 486
train_acc 80.59325879652805 0 486
22
22 32
train_loss -43.00310371066511 0 487
train_acc 80.59314896744624 0 487
22
22 32
train_loss -43.20436953337955 0 488
train_acc 80.59536821102022 0 488
22
22 32
train_loss -43.40737303841577 0 489
train_acc 80.60193558911848 0 489
22
22 32
train_loss -43.57956115189864 0 490
train_acc 80.59485140199564 0 490
22
22 32
train_loss -43.77383850560412 0 491
train_acc 80.59965729337118 0 491
22
22 32
train_loss -43.96166944515899 0 492
train_acc 80.5986694530016 0 492
22
22 32
train_loss -44.1740851297098 0 493
train_acc 80.60978684572855 0 493
22
22 32
train_loss -44.37497184935369 0 494
train_acc 80.61395824064127 0 494
22
22 32
train_loss -44.55605526175162 0 495
train_acc 80.6120866078319 0 495
22
22 32
train_loss -44.73903581031388 0 496
train_acc 80.61108167481518 0 496
22
22 32
train_loss -44.92217098455314 0 497
train_acc 80.61150980055692 0 497
22
22 32
train_loss -45.1183088257849 0 498
train_acc 80.61735562016686 0 498
22
22 32
train_loss -45.32241419572868 0 499
train_acc 80.62488596962545 0 499
22
22 32
train_loss -45.51367476284504 0 500
train_acc 80.62897710955143 0 500
22
22 32
train_loss -45.70349360571174 0 501
train_acc 80.63503658045789 0 501
22
22 32
train_loss -45.89395298532756 0 502
train_acc 80.63767640393569 0 502
22
22 32
train_loss -46.07519226768619 0 503
train_acc 80.6369169754963 0 503
22
22 32
train_loss -46.25963452139071 0 504
train_acc 80.6378515766017 0 504
22
22 32
train_loss -46.46025292814368 0 505
train_acc 80.64665826252191 0 505
22
22 32
train_loss -46.648780359227665 0 506
train_acc 80.65150003624056 0 506
22
22 32
train_loss -46.82648582771215 0 507
train_acc 80.65324085621674 0 507
22
22 32
train_loss -46.99607917091509 0 508
train_acc 80.64826400413757 0 508
22
22 32
train_loss -47.18063626179292 0 509
train_acc 80.64805085684789 0 509
22
22 32
train_loss -47.3548213473722 0 510
train_acc 80.6470029920924 0 510
22
22 32
train_loss -47.52453519605144 0 511
train_acc 80.64290149862752 0 511
22
22 32
train_loss -47.7057500371011 0 512
train_acc 80.64242264407221 0 512
22
22 32
train_loss -47.88490966525924 0 513
train_acc 80.64194565639626 0 513
22
22 32
train_loss -48.06631456750376 0 514
train_acc 80.64257592600607 0 514
22
22 32
train_loss -48.24403439505586 0 515
train_acc 80.6423763067977 0 515
22
22 32
train_loss -48.42544829579749 0 516
train_acc 80.64107634450576 0 516
22
22 32
train_loss -48.61114807804503 0 517
train_acc 80.64692488549065 0 517
22
22 32
train_loss -48.79543954352614 0 518
train_acc 80.65631568719522 0 518
22
22 32
train_loss -48.96824824247287 0 519
train_acc 80.65636482094065 0 519
22
22 32
train_loss -49.148809246031135 0 520
train_acc 80.6621502194267 0 520
22
22 32
train_loss -49.31683852267586 0 521
train_acc 80.66137005374436 0 521
22
22 32
train_loss -49.494608521118934 0 522
train_acc 80.66576310741034 0 522
22
22 32
train_loss -49.67522360774801 0 523
train_acc 80.67176894487432 0 523
22
22 32
train_loss -49.847020582502125 0 524
train_acc 80.67341460674318 0 524
22
22 32
train_loss -50.01583076488404 0 525
train_acc 80.67316004946119 0 525
22
22 32
train_loss -50.19368243863374 0 526
train_acc 80.67884752471637 0 526
22
22 32
train_loss -50.36355456557175 0 527
train_acc 80.68235711999365 0 527
22
22 32
train_loss -50.54288912191987 0 528
train_acc 80.68881270165245 0 528
22
22 32
train_loss -50.707016384331176 0 529
train_acc 80.68933650417453 0 529
22
22 32
train_loss -50.87366550744704 0 530
train_acc 80.68959032240903 0 530
22
22 32
train_loss -51.052863647372035 0 531
train_acc 80.69733335349969 0 531
22
22 32
train_loss -51.22358596425756 0 532
train_acc 80.6999742156805 0 532
22
22 32
train_loss -51.39950093822676 0 533
train_acc 80.70207217005806 0 533
22
22 32
train_loss -51.55461953920818 0 534
train_acc 80.69378814770934 0 534
22
22 32
train_loss -51.72865456922032 0 535
train_acc 80.6996068915474 0 535
22
22 32
train_loss -51.890571071252005 0 536
train_acc 80.69745362483299 0 536
22
22 32
train_loss -52.06711851518247 0 537
train_acc 80.70006967401149 0 537
22
22 32
train_loss -52.25138760333168 0 538
train_acc 80.70822052585591 0 538
22
22 32
train_loss -52.41611747186569 0 539
train_acc 80.70711740768465 0 539
22
22 32
train_loss -52.57976652438994 0 540
train_acc 80.70444007946385 0 540
22
22 32
train_loss -52.75022447142275 0 541
train_acc 80.7051859498024 0 541
22
22 32
train_loss -52.92440110741946 0 542
train_acc 80.71064644073208 0 542
22
22 32
train_loss -53.085244858572274 0 543
train_acc 80.71190131665594 0 543
22
22 32
train_loss -53.24628368907553 0 544
train_acc 80.71132379211485 0 544
22
22 32
train_loss -53.39708164121033 0 545
train_acc 80.70631761255615 0 545
22
22 32
train_loss -53.54467350408271 0 546
train_acc 80.69950867889128 0 546
22
22 32
train_loss -53.712039999922624 0 547
train_acc 80.7057086707687 0 547
22
22 32
train_loss -53.873934436127215 0 548
train_acc 80.70540586668645 0 548
22
22 32
train_loss -54.033776055811096 0 549
train_acc 80.70536289807877 0 549
22
22 32
train_loss -54.193726602142505 0 550
train_acc 80.7071279470487 0 550
22
22 32
train_loss -54.359777644520015 0 551
train_acc 80.71636266208604 0 551
22
22 32
train_loss -54.513286663246326 0 552
train_acc 80.71630007773638 0 552
22
22 32
train_loss -54.67196662527312 0 553
train_acc 80.72111813166258 0 553
22
22 32
train_loss -54.81308356960328 0 554
train_acc 80.7218163948412 0 554
22
22 32
train_loss -54.960374701667476 0 555
train_acc 80.727630888127 0 555
22
22 32
train_loss -55.11051651738959 0 556
train_acc 80.73035873922942 0 556
22
22 32
train_loss -55.255849311017904 0 557
train_acc 80.72772139888691 0 557
22
22 32
train_loss -55.41779162304803 0 558
train_acc 80.7329849304905 0 558
22
22 32
train_loss -55.56994769835515 0 559
train_acc 80.73365571940307 0 559
22
22 32
train_loss -55.721046791864296 0 560
train_acc 80.73838255543794 0 560
22
22 32
train_loss -55.872662403260534 0 561
train_acc 80.73777532800634 0 561
22
22 32
train_loss -56.01928229359545 0 562
train_acc 80.73565376324586 0 562
22
22 32
train_loss -56.15695465870903 0 563
train_acc 80.73227822897066 0 563
22
22 32
train_loss -56.301014585803586 0 564
train_acc 80.73143320356277 0 564
22
22 32
train_loss -56.44208346014529 0 565
train_acc 80.72908270981459 0 565
22
22 32
train_loss -56.585183393091704 0 566
train_acc 80.72799535490599 0 566
22
22 32
train_loss -56.732902611058854 0 567
train_acc 80.72741287273915 0 567
22
22 32
train_loss -56.87498239406818 0 568
train_acc 80.72483179403443 0 568
22
22 32
train_loss -57.03393113895962 0 569
train_acc 80.73199578004059 0 569
22
22 32
train_loss -57.18551297449229 0 570
train_acc 80.7319077455161 0 570
22
22 32
train_loss -57.3307990728243 0 571
train_acc 80.7290835920232 0 571
22
22 32
train_loss -57.48254585609986 0 572
train_acc 80.73148427111703 0 572
22
22 32
train_loss -57.62614948556061 0 573
train_acc 80.73164548559755 0 573
22
22 32
train_loss -57.7700883720187 0 574
train_acc 80.73452826379068 0 574
22
22 32
train_loss -57.90270727085031 0 575
train_acc 80.73740101492923 0 575
22
22 32
train_loss -58.041135407259894 0 576
train_acc 80.74026379123744 0 576
22
22 32
train_loss -58.1843021235185 0 577
train_acc 80.74360901158646 0 577
22
22 32
train_loss -58.33037700795385 0 578
train_acc 80.74743415874181 0 578
22
22 32
train_loss -58.46359107006399 0 579
train_acc 80.74903814090554 0 579
22
22 32
train_loss -58.59159989531698 0 580
train_acc 80.75553470284774 0 580
22
22 32
train_loss -58.71824639768896 0 581
train_acc 80.75907509062253 0 581
22
22 32
train_loss -58.859821873534585 0 582
train_acc 80.76333551113957 0 582
22
22 32
train_loss -58.998832993912245 0 583
train_acc 80.76222111031694 0 583
22
22 32
train_loss -59.142620991456184 0 584
train_acc 80.76719123176107 0 584
22
22 32
train_loss -59.27027993823728 0 585
train_acc 80.76753091210993 0 585
22
22 32
train_loss -59.405578733812824 0 586
train_acc 80.77199021754818 0 586
22
22 32
train_loss -59.53252205866971 0 587
train_acc 80.7689327760084 0 587
22
22 32
train_loss -59.670809496118096 0 588
train_acc 80.76902618994113 0 588
22
22 32
train_loss -59.7959774419893 0 589
train_acc 80.76526067829698 0 589
22
22 32
train_loss -59.925358597807964 0 590
train_acc 80.762711694382 0 590
22
22 32
train_loss -60.04896017752726 0 591
train_acc 80.7580082159357 0 591
22
22 32
train_loss -60.18434497804658 0 592
train_acc 80.76027893184407 0 592
22
22 32
train_loss -60.315529850743474 0 593
train_acc 80.76110476838396 0 593
22
22 32
train_loss -60.44325859067015 0 594
train_acc 80.75929735294898 0 594
22
22 32
train_loss -60.58528654284838 0 595
train_acc 80.76131572372773 0 595
22
22 32
train_loss -60.71740396560838 0 596
train_acc 80.75927569052116 0 596
22
22 32
train_loss -60.865158761665846 0 597
train_acc 80.766759771498 0 597
22
22 32
train_loss -60.99381497562131 0 598
train_acc 80.76471745738617 0 598
22
22 32
train_loss -61.12967845245275 0 599
train_acc 80.77216746502607 0 599
22
22 32
train_loss -61.249709056317805 0 600
train_acc 80.77083317885796 0 600
22
22 32
train_loss -61.385484581283244 0 601
train_acc 80.77493934633331 0 601
22
22 32
train_loss -61.50817373355362 0 602
train_acc 80.76841385865528 0 602
22
22 32
train_loss -61.63691510578886 0 603
train_acc 80.7699192085274 0 603
22
22 32
train_loss -61.75953163068421 0 604
train_acc 80.76930299786147 0 604
22
22 32
train_loss -61.88051093560605 0 605
train_acc 80.7661061796275 0 605
22
22 32
train_loss -62.02317970273125 0 606
train_acc 80.77323344330189 0 606
22
22 32
train_loss -62.15611188229069 0 607
train_acc 80.77565697321586 0 607
22
22 32
train_loss -62.27671619788989 0 608
train_acc 80.7759698798978 0 608
22
22 32
train_loss -62.39962812724763 0 609
train_acc 80.77744799147686 0 609
22
22 32
train_loss -62.52976481025336 0 610
train_acc 80.78078414231051 0 610
22
22 32
train_loss -62.673171862935476 0 611
train_acc 80.78759658053737 0 611
22
22 32
train_loss -62.80794122805393 0 612
train_acc 80.7934583508306 0 612
22
22 32
train_loss -62.93879596726151 0 613
train_acc 80.79814238620233 0 613
22
22 32
train_loss -63.05795684786884 0 614
train_acc 80.79725890332402 0 614
22
22 32
train_loss -63.189031377749714 0 615
train_acc 80.80238345822667 0 615
22
22 32
train_loss -63.311686073127504 0 616
train_acc 80.79919002398655 0 616
22
22 32
train_loss -63.447209675172935 0 617
train_acc 80.80360418596763 0 617
22
22 32
train_loss -63.573084800470994 0 618
train_acc 80.80616527979042 0 618
22
22 32
train_loss -63.69350502689358 0 619
train_acc 80.80711177217748 0 619
22
22 32
train_loss -63.81842276367449 0 620
train_acc 80.8078261080288 0 620
22
22 32
train_loss -63.94199745138678 0 621
train_acc 80.80647952132371 0 621
22
22 32
train_loss -64.05281117500982 0 622
train_acc 80.80194009433222 0 622
22
22 /home/ayush/OCR/nohelmet_shubham/package/noHelmet9.1/lib/python3.6/site-packages/torch/nn/functional.py:1340: UserWarning: nn.functional.tanh is deprecated. Use torch.tanh instead.
  warnings.warn("nn.functional.tanh is deprecated. Use torch.tanh instead.")
32
train_loss -64.16667639740398 0 623
train_acc 80.79946725335971 0 623
22
22 32
train_loss -64.29568282467051 0 624
train_acc 80.80314854905009 0 624
22
22 32
train_loss -64.4260816315651 0 625
train_acc 80.80454533510208 0 625
22
22 32
train_loss -64.5564577786115 0 626
train_acc 80.81115657881426 0 626
22
22 32
train_loss -64.67034200589623 0 627
train_acc 80.80868481420444 0 627
22
22 32
train_loss -64.78866073289875 0 628
train_acc 80.8075780546779 0 628
22
22 32
train_loss -64.9003929691019 0 629
train_acc 80.80150661076196 0 629
22
22 32
train_loss -65.03941697932424 0 630
train_acc 80.80830616846917 0 630
22
22 32
train_loss -65.15414072339395 0 631
train_acc 80.80585459002225 0 631
22
22 32
train_loss -65.28896463681248 0 632
train_acc 80.81374952885547 0 632
22
22 32
train_loss -65.40473659880354 0 633
train_acc 80.81286790858701 0 633
22
22 32
train_loss -65.5212358692279 0 634
train_acc 80.81176502518473 0 634
22
22 32
train_loss -65.6406572387913 0 635
train_acc 80.81156038120976 0 635
22
22 32
train_loss -65.7602829274329 0 636
train_acc 80.81291978286123 0 636
22
22 32
train_loss -65.87133117457574 0 637
train_acc 80.8120450012538 0 637
22
22 32
train_loss -65.99142452775497 0 638
train_acc 80.81273145109509 0 638
22
22 32
train_loss -66.10137759473216 0 639
train_acc 80.81141511981663 0 639
22
22 32
train_loss -66.21644355366007 0 640
train_acc 80.8127662521787 0 640
22
22 32
train_loss -66.33189952996517 0 641
train_acc 80.81278355938038 0 641
22
22 32
train_loss -66.44432996301636 0 642
train_acc 80.81125203369191 0 642
22
22 32
train_loss -66.55832767347526 0 643
train_acc 80.81281802415106 0 643
22
22 32
train_loss -66.67097057624262 0 644
train_acc 80.81195290904978 0 644
22
22 32
train_loss -66.78573716342912 0 645
train_acc 80.8117511465568 0 645
22
22 32
train_loss -66.90103285535939 0 646
train_acc 80.81660735247306 0 646
22
22 32
train_loss -67.0172432719095 0 647
train_acc 80.82057037650156 0 647
22
22 32
train_loss -67.12251518694339 0 648
train_acc 80.8181641879089 0 648
22
22 32
train_loss -67.22550662539221 0 649
train_acc 80.81642202429117 0 649
22
22 32
train_loss -67.32720953436998 0 650
train_acc 80.81621493825546 0 650
22
22 32
train_loss -67.42864119777664 0 651
train_acc 80.8179722547348 0 651
22
22 32
train_loss -67.5250963697587 0 652
train_acc 80.81514909488658 0 652
22
22 32
train_loss -67.63835210940739 0 653
train_acc 80.81559749739459 0 653
22
22 32
train_loss -67.74534823050557 0 654
train_acc 80.81582732421178 0 654
22
22 32
train_loss -67.8509230199661 0 655
train_acc 80.8175745007646 0 655
22
22 32
train_loss -67.96246504501963 0 656
train_acc 80.81606835681127 0 656
22
22 32
train_loss -68.07306241780473 0 657
train_acc 80.81629641750995 0 657
22
22 32
train_loss -68.1813455976795 0 658
train_acc 80.8139332925114 0 658
22
22 32
train_loss -68.29709896449796 0 659
train_acc 80.81610382788098 0 659
22
22 32
train_loss -68.40475758937272 0 660
train_acc 80.81590036162824 0 660
22
22 32
train_loss -68.51803929659674 0 661
train_acc 80.81784646098083 0 661
22
22 32
train_loss -68.62031035705996 0 662
train_acc 80.81570984130539 0 662
22
22 32
train_loss -68.73193420660802 0 663
train_acc 80.81850734672216 0 663
22
22 32
train_loss -68.83834224445633 0 664
train_acc 80.82322173350188 0 664
22
22 32
train_loss -68.94721919764254 0 665
train_acc 80.82621312939135 0 665
22
22 32
train_loss -69.05938745055113 0 666
train_acc 80.83111506798961 0 666
22
22 32
train_loss -69.16459389542533 0 667
train_acc 80.83280789092562 0 667
22
22 32
train_loss -69.26474690303475 0 668
train_acc 80.83534620880724 0 668
22
22 32
train_loss -69.36332866010466 0 669
train_acc 80.8344797479554 0 669
22
22 32
train_loss -69.45751278160223 0 670
train_acc 80.83361587355385 0 670
22
22 32
train_loss -69.56038641050213 0 671
train_acc 80.835929948509 0 671
22
22 32
train_loss -69.66455499623858 0 672
train_acc 80.83654612418087 0 672
22
22 32
train_loss -69.77605728736427 0 673
train_acc 80.84222598991634 0 673
22
22 32
train_loss -69.87654475155853 0 674
train_acc 80.84430624230679 0 674
22
22 32
train_loss -69.97039898068816 0 675
train_acc 80.84595945967568 0 675
22
22 32
train_loss -70.0789614035004 0 676
train_acc 80.84907866767524 0 676
22
22 32
train_loss -70.18931905566501 0 677
train_acc 80.8528181141025 0 677
22
22 32
train_loss -70.29731292789664 0 678
train_acc 80.856127520666 0 678
22
22 32
train_loss -70.38966959820229 0 679
train_acc 80.85273284071148 0 679
22
22 32
train_loss -70.48121503109441 0 680
train_acc 80.85289926923373 0 680
22
22 32
train_loss -70.57709568441352 0 681
train_acc 80.85369096497257 0 681
22
22 32
train_loss -70.67851023808602 0 682
train_acc 80.85531345324432 0 682
22
22 32
train_loss -70.78021927502982 0 683
train_acc 80.85901092095396 0 683
22
22 32
train_loss -70.87168805370902 0 684
train_acc 80.8575058524546 0 684
22
22 32
train_loss -70.95852470963541 0 685
train_acc 80.85517571276992 0 685
22
22 32
train_loss -71.05117085245885 0 686
train_acc 80.85595831970085 0 686
22
22 32
train_loss -71.14806583918512 0 687
train_acc 80.85446426693181 0 687
22
22 32
train_loss -71.25007641878585 0 688
train_acc 80.85545210341034 0 688
22
22 32
train_loss -71.34773001105069 0 689
train_acc 80.85932333107783 0 689
22
22 32
train_loss -71.446155152891 0 690
train_acc 80.86030126214027 0 690
22
22 32
train_loss -71.55209577212976 0 691
train_acc 80.86600435703087 0 691
22
22 32
train_loss -71.64793613475527 0 692
train_acc 80.8647118590643 0 692
22
22 32
train_loss -71.74364348416033 0 693
train_acc 80.86731755036813 0 693
22
22 32
train_loss -71.82794696530623 0 694
train_acc 80.86254737536915 0 694
22
22 32
train_loss -71.92820826751722 0 695
train_acc 80.86310486115998 0 695
22
22 32
train_loss -72.01816628179674 0 696
train_acc 80.86059941753916 0 696
22
22 32
train_loss -72.12080111026422 0 697
train_acc 80.86543780565262 0 697
22
22 32
train_loss -72.21434586377745 0 698
train_acc 80.86476773424954 0 698
22
22 32
train_loss -72.30723872213746 0 699
train_acc 80.86369315928144 0 699
22
22 32
train_loss -72.40786334727491 0 700
train_acc 80.86485379738467 0 700
22
22 32
train_loss -72.50694128254511 0 701
train_acc 80.8656058519781 0 701
22
22 32
train_loss -72.60354769951597 0 702
train_acc 80.86493935926347 0 702
22
22 32
train_loss -72.69434222396713 0 703
train_acc 80.8634665352352 0 703
22
22 32
train_loss -72.79345461734655 0 704
train_acc 80.86663859379901 0 704
22
22 32
train_loss -72.89896178828909 0 705
train_acc 80.87141351201011 0 705
22
22 32
train_loss -72.9959102258635 0 706
train_acc 80.87154735156227 0 706
Traceback (most recent call last):
  File "main.py", line 71, in <module>
    main(config)
  File "main.py", line 62, in main
    trainer.train()
  File "/media/data3.1/RAM/0IAM_Seq_CPU/trainer.py", line 180, in train
    train_loss, train_acc = self.trainDataset(epoch)#self.train_one_epoch(epoch)
  File "/media/data3.1/RAM/0IAM_Seq_CPU/trainer.py", line 283, in trainDataset
    h_t, l_t, b_t, log_probas1, p = self.model(x, l_t, h_t, last=True)
  File "/home/ayush/OCR/nohelmet_shubham/package/noHelmet9.1/lib/python3.6/site-packages/torch/nn/modules/module.py", line 541, in __call__
    result = self.forward(*input, **kwargs)
  File "/media/data3.1/RAM/0IAM_Seq_CPU/model.py", line 101, in forward
    g_t = self.sensor(x, l_t_prev)
  File "/home/ayush/OCR/nohelmet_shubham/package/noHelmet9.1/lib/python3.6/site-packages/torch/nn/modules/module.py", line 541, in __call__
    result = self.forward(*input, **kwargs)
  File "/media/data3.1/RAM/0IAM_Seq_CPU/modules.py", line 228, in forward
    phi = self.retina.foveate(x, l_t_prev)
  File "/media/data3.1/RAM/0IAM_Seq_CPU/modules.py", line 56, in foveate
    phi.append(self.extract_patch(x, l, size))
  File "/media/data3.1/RAM/0IAM_Seq_CPU/modules.py", line 135, in extract_patch
    im = F.pad(im, pad_dims, "constant", 0)
  File "/home/ayush/OCR/nohelmet_shubham/package/noHelmet9.1/lib/python3.6/site-packages/torch/nn/functional.py", line 2848, in pad
    return _VF.constant_pad_nd(input, pad, value)
KeyboardInterrupt
